timestamp_ms,ecg_lead2_mv,ppg_red_raw,ppg_ir_raw,skin_temp_c,systolic_mmhg,diastolic_mmhg
0,0.012,24150,28310,36.62,118,78
4,-0.008,24155,28322,36.62,118,78
8,-0.015,24162,28335,36.62,118,78
12,0.035,24170,28348,36.63,118,78
16,0.182,24181,28362,36.63,118,78
20,0.854,24195,28378,36.63,118,78
24,1.420,24212,28395,36.63,118,78
28,0.612,24230,28412,36.63,118,78
32,-0.210,24251,28430,36.63,118,78
36,-0.045,24273,28448,36.64,118,78
40,0.010,24298,28468,36.64,118,78
44,0.022,24324,28488,36.64,118,78
48,0.055,24351,28507,36.64,118,78
52,0.110,24378,28526,36.64,118,78
56,0.165,24405,28543,36.64,118,78
60,0.180,24430,28558,36.64,118,78
64,0.140,24452,28570,36.64,118,78
68,0.075,24468,28578,36.64,118,78
72,0.015,24479,28581,36.64,118,78
76,-0.005,24482,28578,36.64,118,78
